-24.026 53.836 -6.229
-39.27 -81.242 -11.977
-7.879 -36.062 68.083
-56.559 -11.103 15.503
-15.187 61.795 0.472
-10.877 39.073 8.334
-10.191 13.856 35.766
-10.189 -11.567 39.832
-5.101 -36.409 30.514
-9.817 -46.978 5.625
-5.703 -82.559 15.05
-50.085 11.87 7.46
-44.306 30.741 -10.499
-48.826 29.933 3.848
-37.27 29.7 31.553
-9.03 21.65 51.327
-36.46 -7.484 -0.058
-35.043 8.586 -2.554
-39.239 -82.374 11.232
-14.847 -86.955 26.707
-35.646 -53.889 -17.966
-11.197 -73.654 -5.086
-23.67 -19.45 -26.838
-27.36 30.677 -17.425
-18.662 -57.73 58.569
-42.927 -64.441 38.345
-55.777 -36.111 31.904
-45.544 -25.929 54.949
-41.773 -9.72 51.554
-7.562 -58.501 45.07
-5.893 36.009 -20.016
-5.987 15.553 -8.696
-51.331 -37.894 -24.64
-58.882 -35.896 -12.614
-47.781 -21.011 5.17
-59.331 -15.346 -0.934
-37.993 2.343 -25.039
-57.002 -41.383 15.188
-38.82 32.499 -2.872
-43.715 21.733 8.441
-39.745 -34.67 18.317
-17.721 -97.276 -5.706
-34.89 2.935 -37.098
-17.114 -66.698 4.784
-36.398 -21.981 46.486
-15.26 -37.588 45.383
-27.738 22.278 -9.516
-39.502 -13.872 -7.846
-34.484 5.133 11.951
-40.799 -21.096 -23.879
-24.54 -78.901 -7.608
-38.112 22.769 21.882
-25.968 43.597 18.904
-22.711 17.928 43.159
-49.911 -52.26 30.213
-28.528 -58.348 38.653
-41.7 -68.154 0.278
-30.314 -85.287 3.81
-26.886 -80.465 17.196
-41.84 -49.887 -14.185
-30.414 -48.15 -9.37
-24.206 34.927 -11.657
-39.46 40.593 -2.29
-12.768 24.56 -17.598
-16.599 -67.45 22.655
-6.016 -10.328 25.728
-36.815 -36.102 41.146
-43.352 2.957 27.034
-26.797 -9.499 50.401
-8.559 38.452 -11.471
-10.867 -50.05 34.979
-52.545 -38.438 -16.527
-48.624 -47.475 5.828
-50.606 -25.294 2.119
22.974 55.986 -8.061
42.104 -76.432 -11.482
6.915 -34.854 68.429
56.534 -10.438 16.768
16.678 61.254 1.985
11.187 38.601 8.006
10.39 14.795 36.112
9.828 -9.724 40.879
5.363 -36.443 30.714
10.218 -49.055 7.38
6.428 -81.143 17.312
50.918 9.801 8.232
47.925 32.35 -6.988
51.05 28.051 6.786
38.204 29.401 30.849
9.28 22.781 52.457
37.305 -4.064 -3.656
36.318 9.454 -2.202
40.033 -79.453 12.821
18.948 -85.935 31.252
34.63 -52.534 -17.037
12.425 -67.656 -4.46
25.122 -16.652 -27.74
26.58 30.04 -17.02
18.166 -53.808 60.08
46.059 -60.622 39.301
56.53 -31.724 30.782
45.826 -23.617 54.373
40.651 -8.156 53.418
7.723 -59.505 46.822
6.54 33.631 -20.422
6.973 15.34 -11.926
52.585 -34.688 -23.578
59.788 -33.921 -12.556
48.106 -19.114 5.111
60.502 -12.851 -0.826
40.349 3.752 -24.303
58.087 -34.708 15.135
41.415 30.224 2.684
45.448 21.327 9.036
38.608 -28.952 19.349
17.394 -94.985 -3.658
38.295 5.021 -36.584
18.88 -62.432 5.357
35.89 -19.96 46.41
14.303 -37.59 45.995
29.668 23.312 -7.027
41.392 -12.95 -7.87
34.968 5.708 11.641
41.753 -20.346 -24.345
25.687 -78.075 -8.216
38.7 23.248 20.601
28.296 40.93 22.288
22.69 18.148 44.827
47.946 -44.615 35.704
30.463 -56.032 42.846
42.996 -65.226 4.085
32.802 -82.079 6.453
27.821 -77.321 20.078
43.127 -50.709 -13.523
31.511 -46.227 -10.155
24.293 35.417 -11.756
41.491 39.606 -1.682
13.776 22.903 -16.664
17.959 -65.668 24.804
7.329 -8.271 25.71
36.512 -34.916 42.321
42.614 4.307 27.246
26.621 -8.68 51.56
8.781 42.174 -14.271
10.497 -50.187 36.502
53.027 -39.85 -15.285
48.138 -43.634 8.103
51.842 -22.388 4.422